Hw4 Final Estimate of Pi
i values:
1. 7.824621647237019e-05
2. 0.004777944388776799
3. 2.4521455102870145e-11
4. 0.26535707343117965
5. 1.4623161752096813e-05 
6. 0.009410366758680006
7. 0.2403151764585377 
8. 0.11340131304468341
9. 0.00014180057655927052 
10. 0.5234865055311488 
11. 0.407323797401008
12. 8.801225021571014e-08
13. 0.6158137869509419
14. 5.843269057817554e-06 
15. 0.04474905679266266 
16. 0.5899904478422028 
17. 0.9999999999999936 
18. 0.9999999826612135
19. 4.0106694539468145e-09 
20. 0.46299944706241114 
21. 0.3531950721584744 
22. 0.5248687213124321 
23. 0.19475714050451629